performance=[80;70;60;50;40;30];
tension=[5.66;9.62;6;6.1;6.9;7.2];
depression=[4.38;8.67;9.91;6.4;7.1;7.4];
anger=[6.24;9.91;3.6;3.7;3.7;3.7];
vigour=[18.51;15.64;17.78;4;4.1;4.1];
fatigue=[5.37;8.16;6.37;4;4.1;4.1];
confusion=[4;7.38;4.84;3.8;3.9;3.9];